955
14 26
265 314
675 870
36 534
340 500
528 530
487 510
780 882
80 823
771 611
76 268
666 712
839 335
418 270
872 390
605 242
345 563
251 509
542 256
466 43
462 590
424 310
19 362
824 833
213 262
390 562
724 92
811 756
496 81
591 10
304 341
681 647
529 762
36 25
153 86
79 112
230 137
36 279
48 181
133 292
11 21
63 30
15 81
794 489
117 161
552 297
13 101
46 54
75 926
49 15
254 22
503 583
365 417
544 71
315 223
517 822
303 29
5 2
167 64
82 87
98 348
861 300
922 563
166 139
160 355
319 329
929 341
33 10
938 412
293 677
447 464
46 140
768 110
191 39
450 803
319 931
478 323
475 18
108 125
289 35
458 584
75 49
168 406
232 3
253 637
79 84
18 120
155 189
42 368
9 263
619 239
471 440
513 576
595 713
812 803
910 181
426 465
750 95
645 129
627 539
756 27
5 14
5 662
264 307
782 426
87 158
516 647
516 316
2 25
702 377
388 228
17 3
77 807
16 162
229 146
513 398
22 378
286 436
196 553
269 300
59 3
380 274
737 700
534 715
369 113
76 23
545 302
191 493
804 485
585 22
91 141
402 216
392 66
17 126
23 245
599 859
92 111
918 900
328 27
195 452
602 47
67 203
18 592
120 154
296 271
317 325
573 400
880 450
702 829
167 375
89 916
50 628
145 199
514 447
446 208
86 129
450 350
249 226
755 224
354 665
680 536
749 152
4 374
221 124
434 616
172 889
342 954
242 371
441 442
249 673
467 497
607 79
44 215
95 60
131 174
911 622
36 276
712 752
190 81
50 271
535 361
600 27
646 521
816 8
4 1
70 19
3 29
3 2
917 791
64 3
80 7
102 836
4 79
21 449
82 9
161 597
170 523
787 458
197 114
65 558
571 626
837 171
28 658
209 928
110 571
24 3
49 107
134 183
22 214
567 205
240 253
588 483
481 209
426 854
290 276
689 532
52 38
450 580
936 836
103 273
198 13
949 420
362 891
549 508
154 354
463 71
355 543
190 425
175 156
419 178
747 647
536 22
314 360
60 86
425 634
283 230
75 667
42 127
610 47
686 407
641 146
260 184
772 879
437 414
718 311
758 847
674 520
116 23
293 38
850 115
254 335
136 693
704 613
119 275
248 74
118 88
145 688
682 437
6 683
217 460
943 460
288 434
846 491
417 939
322 697
21 159
389 96
946 91
429 378
255 518
581 245
729 726
669 504
4 22
389 881
527 948
44 761
831 65
731 17
654 620
40 13
215 323
52 128
562 728
366 467
503 10
160 114
209 134
16 742
60 29
836 904
342 377
501 19
410 769
246 383
144 431
408 352
386 468
50 810
16 10
1 188
578 670
201 204
445 126
629 516
169 17
631 53
699 100
557 400
442 678
114 2
720 385
29 168
560 241
455 350
358 435
738 240
308 268
142 117
400 150
233 81
148 88
883 689
50 92
146 15
429 639
363 652
23 16
594 229
305 144
844 323
694 676
638 267
388 511
498 898
56 282
547 701
351 163
312 82
62 2
945 834
757 552
487 770
476 22
190 853
249 548
17 27
164 97
269 138
16 38
179 633
286 201
223 765
66 69
103 635
125 451
88 172
218 280
620 795
207 146
825 452
48 339
322 317
427 276
401 130
160 504
395 100
228 194
457 125
614 345
140 152
2 132
354 382
108 58
99 86
806 720
656 574
182 194
586 204
370 246
210 512
211 179
345 65
51 18
734 887
6 456
56 32
45 336
25 44
606 240
197 865
336 447
316 100
13 3
540 589
103 90
1 6
26 304
22 31
797 212
182 169
815 782
139 163
235 190
212 182
51 157
238 414
594 832
900 137
842 632
38 569
907 892
777 66
37 94
620 459
371 411
901 390
11 5
788 146
813 342
541 507
48 390
243 4
914 932
177 114
212 224
790 110
636 367
238 886
595 71
896 602
818 270
53 57
356 143
247 760
665 751
12 433
67 564
186 79
426 473
211 835
259 13
11 43
20 55
2 77
834 807
432 341
9 58
313 733
821 708
114 753
184 169
343 521
430 611
8 115
77 88
313 7
460 867
270 151
673 820
470 62
339 344
234 909
217 617
642 785
908 378
438 489
390 899
55 708
772 674
30 438
757 873
679 83
39 36
290 766
384 169
115 208
828 548
281 209
298 925
78 32
601 34
421 116
110 28
830 771
808 733
495 33
488 447
800 587
595 741
12 91
443 877
458 198
413 382
40 255
220 200
569 868
623 533
37 24
292 441
108 613
684 666
915 539
35 24
60 482
393 69
65 295
221 735
598 292
378 423
717 217
166 575
48 46
490 705
3 10
19 722
871 369
440 157
921 255
140 334
348 577
107 920
331 157
37 217
145 502
165 251
379 231
151 120
272 412
664 615
372 314
42 50
9 34
70 130
22 239
3 30
532 194
425 479
559 454
618 507
789 37
815 840
53 8
937 466
143 923
193 11
527 430
301 786
763 366
309 409
265 19
462 890
134 74
396 66
32 46
827 125
72 149
660 636
539 206
284 183
41 28
732 687
596 217
364 165
885 119
160 727
115 121
309 116
3 407
486 353
28 9
288 278
139 222
640 192
474 441
306 9
707 517
169 603
210 34
352 101
582 650
38 809
8 18
675 265
275 357
484 143
649 143
433 852
805 620
679 874
555 736
716 638
162 394
285 22
86 226
389 487
126 672
280 764
405 368
566 186
609 422
274 199
819 39
135 91
185 92
46 47
39 784
6 9
8 1
1 19
477 253
538 555
91 150
311 186
754 470
3 692
578 239
335 653
745 781
391 651
672 725
648 585
535 691
47 758
361 308
180 45
327 866
817 212
685 54
346 892
628 796
157 799
91 319
266 196
245 326
241 149
442 696
367 525
420 515
382 459
250 239
170 242
721 413
49 499
163 192
49 122
224 267
507 194
897 161
454 332
674 919
508 262
817 947
205 121
505 143
44 236
869 16
260 332
363 791
173 168
27 100
21 137
739 169
81 124
298 359
903 515
168 257
318 208
759 486
90 72
187 397
533 278
863 438
187 143
475 492
194 420
599 98
142 676
232 860
179 123
27 498
350 42
198 297
547 301
67 51
31 144
718 858
155 905
120 444
74 11
74 171
200 152
280 876
621 88
63 321
258 132
114 165
338 519
615 557
131 77
690 888
469 222
431 746
2 1
537 252
935 93
97 74
271 604
506 135
195 118
89 240
175 415
773 779
895 250
833 856
138 448
875 416
87 398
240 272
138 82
273 410
61 25
180 381
912 296
491 76
522 281
309 703
346 317
211 426
285 546
65 58
420 625
199 225
18 32
430 301
106 342
21 630
864 499
1 12
432 612
230 278
814 538
631 927
583 924
884 634
147 50
593 223
156 91
843 38
65 96
730 684
4 7
40 579
155 550
17 139
317 561
494 78
643 427
743 34
469 914
33 119
644 8
490 173
934 439
362 365
333 403
90 792
159 330
802 339
826 474
955 421
65 287
51 73
145 902
173 237
472 395
317 228
250 893
849 75
322 554
776 521
72 238
158 213
72 37
50 453
952 774
218 151
368 399
462 235
114 538
526 430
531 259
111 353
549 773
14 301
215 324
581 582
196 184
704 906
100 234
671 494
154 343
291 278
473 740
613 841
277 110
411 556
768 851
170 80
534 774
178 7
508 608
507 551
102 31
42 298
20 15
528 315
36 145
285 366
529 723
326 711
156 327
492 572
208 622
48 201
68 9
303 848
377 953
240 310
594 775
151 517
663 538
15 5
793 435
231 224
587 408
154 624
951 714
239 252
318 744
657 581
164 706
216 137
21 745
350 483
50 136
129 524
364 367
36 294
183 798
801 751
270 695
857 487
121 568
520 246
227 197
687 493
85 54
106 62
783 479
738 824
296 529
209 223
376 303
661 18
714 564
202 2
250 944
44 143
260 659
767 733
83 3
